13 30 2 4 29 37 3 
33 24 36 13 12 9 30 
34 40 15 8 26 14 31 
6 12 21 34 0 18 30 
19 34 39 31 6 8 4 
0 3 12 27 14 35 2 
35 1 20 6 19 5 15 
31 32 2 35 26 8 10 
16 7 40 38 35 5 26 
19 21 30 33 14 39 1 
1 39 36 6 11 20 9 
35 36 5 33 37 1 12 
30 32 13 9 31 34 6 
40 6 9 19 23 38 0 
40 27 11 0 20 33 7 
11 38 20 13 26 30 39 
22 36 16 5 38 34 27 
0 23 21 18 14 9 16 
38 39 9 7 5 22 34 
18 36 39 1 13 9 7 
38 16 37 28 35 20 2 
7 18 17 6 37 40 8 
8 28 17 32 38 13 7 
32 9 31 5 13 36 1 
22 3 40 1 34 32 33 
9 31 3 23 26 14 17 
10 36 27 33 29 8 31 
31 19 14 39 26 18 1 
2 12 5 13 38 22 23 
39 30 35 16 10 25 1 
10 6 12 32 39 36 24 
4 34 22 5 11 26 17 
9 2 22 33 10 16 20 
10 31 15 32 33 24 25 
23 26 5 28 30 38 0 
17 1 9 40 13 35 25 
4 2 5 28 38 21 6 
0 12 34 20 9 22 35 
40 28 10 14 6 1 16 
8 16 22 35 28 18 0 
32 31 2 8 5 38 15 
27 38 13 37 36 32 1 
16 17 40 24 5 36 32 
34 24 37 8 13 20 5 
21 6 20 40 34 3 17 
20 31 40 5 6 38 36 
19 27 17 3 20 16 26 
22 1 27 33 32 18 40 
22 29 40 33 31 11 4 
40 13 16 15 27 10 28 
12 28 21 6 11 34 22 
18 13 1 34 38 30 28 
14 25 13 21 30 4 39 
32 16 40 8 9 10 22 
16 35 18 33 36 37 14 
17 39 18 3 21 5 34 
34 17 25 19 1 26 8 
34 35 28 40 33 22 17 
5 21 17 1 22 29 34 
33 15 10 11 30 7 36 
15 32 5 7 6 26 30 
11 26 14 40 13 10 15 
34 27 8 36 35 5 33 
7 29 36 18 4 0 8 
34 15 7 16 39 13 37 
23 3 16 33 2 11 30 
2 28 5 11 12 20 8 
0 7 39 33 6 2 25 
33 16 18 0 14 39 8 
16 22 14 34 4 35 32 
19 18 15 24 11 4 17 
37 9 28 7 6 22 2 
38 8 25 14 16 34 21 
12 21 6 20 19 17 8 
27 2 37 9 28 7 4 
7 21 37 12 10 18 1 
5 18 7 6 4 29 37 
22 35 3 8 20 13 6 
13 12 1 34 2 19 38 
35 11 36 0 38 40 26 
31 30 1 18 32 28 6 
1 3 2 18 38 25 6 
7 2 1 10 37 18 8 
13 2 31 28 15 5 35 
8 40 31 14 37 35 34 
27 13 3 33 16 37 17 
15 34 26 39 22 37 18 
17 16 29 32 11 24 28 
23 9 25 34 21 32 31 
18 37 31 30 16 7 21 
3 18 24 36 6 20 30 
18 26 3 40 2 13 8 
15 7 3 9 19 11 8 
30 22 39 25 15 2 40 
11 13 23 14 12 34 10 
30 0 33 38 18 17 35 
6 33 29 36 13 24 35 
2 12 26 20 25 7 40 
3 35 0 29 9 4 31 
27 35 21 0 4 3 37 
29 0 38 26 3 24 14 
10 29 22 3 18 9 39 
13 3 32 4 29 31 26 
15 12 4 25 38 35 31 
2 14 26 7 35 15 9 
6 14 23 9 31 27 34 
22 38 19 27 13 17 31 
39 37 36 27 16 5 28 
17 30 4 36 5 23 7 
5 27 1 19 10 12 4 
14 24 0 27 20 6 30 
40 4 24 21 28 0 36 
5 1 32 10 38 20 12 
35 7 5 24 31 34 11 
33 16 31 6 12 1 4 
21 22 12 29 20 5 33 
8 31 11 32 18 34 39 
23 20 11 2 36 15 40 
5 36 32 34 31 33 37 
35 6 7 21 11 19 22 
16 0 25 2 36 7 22 
30 4 15 14 6 16 10 
16 11 31 40 35 38 3 
38 30 2 35 33 28 24 
31 11 36 14 32 7 17 
0 40 12 18 16 38 20 
40 32 4 34 11 7 15 
5 19 14 40 28 39 25 
7 24 16 32 20 27 11 
29 3 20 18 38 33 32 
6 25 30 39 28 4 35 
39 4 18 13 9 14 19 
7 40 39 37 34 24 32 
14 30 36 17 19 11 29 
38 10 0 24 4 16 15 
0 37 26 2 40 20 23 
39 31 9 0 7 19 1 
25 35 24 30 16 13 6 
6 21 0 37 36 38 29 
25 19 10 35 14 20 16 
13 18 40 1 34 11 37 
0 33 35 7 8 37 31 
33 22 2 10 38 0 19 
37 29 17 6 3 38 20 
18 9 6 3 0 14 23 
19 35 33 5 28 17 24 
3 13 8 5 11 0 40 
14 19 22 38 15 5 29 
17 13 21 35 30 33 25 
24 11 21 33 3 26 9 
21 23 34 3 31 7 17 
19 24 40 11 29 3 4 
33 30 40 37 25 13 36 
37 8 5 24 11 26 31 
6 2 11 3 36 17 27 
12 10 3 27 33 6 36 
7 6 21 17 28 24 11 
5 7 22 15 25 18 2 
5 19 11 25 31 3 35 
18 33 7 20 17 2 23 
9 38 34 15 13 8 30 
4 39 18 32 0 14 36 
40 28 23 30 10 3 18 
5 9 34 23 12 15 28 
35 23 40 31 5 22 37 
6 36 5 27 18 19 26 
2 23 8 10 14 7 32 
27 5 22 36 4 30 13 
3 23 32 6 21 24 4 
9 38 4 40 39 25 31 
2 3 33 7 17 39 15 
4 40 23 36 7 5 39 
16 14 35 30 3 24 19 
15 23 35 20 28 40 6 
30 39 23 13 28 26 7 
3 5 4 7 14 36 22 
1 37 23 15 40 5 29 
4 20 14 1 3 26 32 
28 11 33 4 27 16 35 
4 2 39 40 22 20 37 
12 8 1 3 31 35 18 
24 12 3 21 9 32 4 
23 8 40 38 19 14 16 
13 33 10 23 22 14 17 
19 23 26 25 34 14 7 
12 6 37 31 22 32 39 
32 0 4 27 36 14 5 
2 40 31 0 17 27 8 
9 29 33 0 8 18 12 
28 9 39 12 18 24 35 
13 34 36 17 5 32 0 
23 32 13 22 16 38 24 
31 33 4 24 34 7 12 
32 31 22 12 26 20 14 
19 30 36 32 16 3 17 
22 17 35 27 31 2 0 
7 34 18 25 36 16 33 
5 22 6 38 39 27 1 
37 40 30 18 9 36 31 
39 28 15 13 34 30 23 
35 8 33 12 32 1 18 
19 32 35 10 39 18 29 
19 29 34 6 38 16 8 
40 20 27 30 6 18 29 
22 21 31 25 20 10 12 
27 32 34 12 15 20 1 
18 12 2 9 26 6 11 
36 3 4 30 34 16 40 
38 22 40 30 29 34 37 
9 11 40 19 34 15 39 
2 36 39 10 17 4 9 
0 9 30 24 23 15 21 
1 2 32 8 36 37 3 
20 25 5 7 11 33 40 
16 23 36 35 0 32 3 
31 0 4 9 20 27 35 
32 5 40 33 18 35 11 
21 18 38 17 10 30 1 
6 9 31 1 10 5 4 
13 40 35 0 17 25 6 
19 22 4 37 6 26 24 
15 18 29 23 20 21 25 
19 29 6 26 5 31 9 
35 24 26 9 15 37 36 
22 37 21 15 18 25 1 
9 17 38 35 1 6 5 
23 24 28 40 21 37 38 
0 20 37 39 24 22 2 
35 11 5 10 29 30 18 
36 21 34 18 39 13 5 
34 37 23 26 18 24 5 
26 5 16 19 27 10 38 
40 15 9 27 1 5 12 
3 4 21 12 20 40 19 
21 1 14 24 23 9 33 
6 22 14 25 26 8 5 
40 8 24 18 13 39 21 
27 5 28 18 35 20 19 
38 25 22 31 23 21 20 
38 21 26 36 28 1 19 
23 38 16 20 31 36 5 
21 36 33 23 11 3 16 
37 23 25 28 14 22 8 
25 19 36 29 33 39 30 
7 22 18 38 40 15 20 
36 29 35 17 6 20 28 
32 16 5 6 21 15 33 
7 30 9 40 32 38 33 
29 40 18 24 1 6 9 
4 11 28 5 23 33 38 
23 9 39 36 30 11 12 
9 25 16 8 40 29 31 
35 15 14 40 32 25 20 
18 19 38 20 17 7 37 
34 17 1 19 0 2 39 
31 15 30 28 27 21 33 
25 6 26 12 31 10 14 
32 2 30 12 38 34 27 
26 15 14 38 2 1 0 
0 26 18 21 14 1 27 
36 15 20 13 21 12 5 
17 18 16 14 15 29 6 
5 26 34 31 25 4 17 
12 40 22 0 29 23 21 
4 17 24 10 28 20 5 
12 36 38 14 29 9 23 
25 40 32 27 17 30 15 
10 12 3 5 22 11 17 
25 18 8 1 35 17 10 
26 20 22 28 32 40 4 
2 32 28 27 21 12 37 
22 6 19 28 32 0 9 
16 38 5 23 15 31 39 
15 27 40 32 3 11 39 
6 26 14 38 39 25 9 
9 24 21 34 35 25 1 
15 11 4 34 1 39 40 
26 9 29 0 20 17 40 
26 16 9 40 12 36 6 
26 3 18 17 1 16 28 
33 13 19 36 3 20 10 
10 30 5 24 17 37 35 
12 1 9 36 40 33 2 
30 18 27 32 8 38 40 
5 33 15 12 6 9 1 
13 24 11 39 10 3 5 
8 30 6 20 4 29 36 
8 18 11 31 38 5 33 
15 26 36 23 29 24 20 
11 22 18 30 24 25 13 
25 2 37 26 31 33 12 
30 13 20 12 7 4 35 
23 18 4 12 15 33 36 
32 13 17 29 5 1 24 
15 1 30 16 13 2 23 
0 4 13 23 6 7 17 
23 37 14 27 17 26 2 
6 32 31 4 22 27 9 
22 12 38 28 27 34 25 
28 13 15 1 0 26 20 
34 8 35 30 32 17 28 
38 14 23 0 15 35 17 
3 31 6 32 40 13 11 
34 21 31 2 38 22 35 
16 15 11 33 27 35 2 
26 39 15 10 16 28 4 
4 15 40 32 13 33 10 
26 7 37 31 34 9 21 
10 39 31 6 2 16 33 
12 25 15 40 3 39 4 
23 19 2 1 35 32 11 
31 22 9 33 10 28 16 
18 33 19 25 32 22 27 
35 27 26 13 2 30 36 
23 34 17 38 11 20 3 
24 0 33 2 3 8 4 
34 11 36 39 4 3 29 
35 10 14 36 3 31 15 
39 34 38 14 9 24 6 
17 37 8 22 15 4 13 
9 12 38 0 22 6 5 
26 23 1 39 15 8 17 
28 31 25 38 33 19 32 
8 33 25 12 21 38 24 
40 11 3 16 22 26 30 
39 21 28 3 34 9 11 
39 24 10 28 18 3 2 
25 26 4 40 11 18 6 
8 30 16 1 6 25 32 
39 21 23 7 2 20 19 
39 28 3 31 33 25 5 
5 27 36 25 18 15 23 
2 40 6 38 12 35 4 
27 31 35 10 0 16 25 
2 36 28 16 17 30 40 
28 6 31 25 1 9 29 
18 37 4 38 3 5 28 
8 4 5 39 13 21 36 
29 38 16 34 13 36 17 
32 24 11 23 20 17 8 
37 30 21 2 19 28 13 
2 21 36 20 9 27 22 
37 4 26 17 33 34 22 
31 22 13 26 36 39 30 
5 27 28 35 2 15 11 
33 15 19 30 37 24 4 
34 27 9 30 40 39 7 
22 12 6 32 19 3 18 
6 32 12 18 19 13 20 
31 20 22 3 9 25 32 
40 33 16 28 17 4 10 
11 10 20 40 18 24 2 
1 31 34 18 20 7 5 
17 7 27 0 13 37 14 
8 29 22 21 19 34 11 
26 10 8 29 16 34 20 
7 23 6 0 38 12 31 
34 21 11 38 8 40 10 
11 37 17 26 20 19 21 
16 0 40 14 20 10 35 
36 8 20 35 12 27 16 
0 39 29 3 27 22 2 
37 24 33 12 10 3 1 
6 4 9 37 39 0 11 
14 38 28 29 35 22 10 
13 37 40 7 16 31 24 
0 22 29 34 19 5 15 
2 28 12 14 30 35 6 
9 37 1 0 31 5 20 
0 22 40 14 24 8 15 
6 17 31 3 12 34 22 
37 11 7 28 36 9 40 
11 31 36 15 6 4 2 
17 10 25 4 27 37 0 
28 6 25 0 2 29 7 
33 1 2 32 27 30 19 
32 21 2 17 30 9 34 
14 22 6 7 2 29 12 
20 11 34 39 0 24 4 
4 27 3 9 8 38 20 
34 11 7 2 30 32 37 
15 33 7 8 18 14 16 
40 0 24 3 9 16 26 
38 14 33 40 27 3 16 
10 12 26 13 11 28 23 
11 25 27 19 12 21 18 
28 1 34 37 20 40 15 
26 4 2 13 16 40 37 
22 25 14 3 17 40 20 
26 22 6 0 10 19 31 
5 39 11 33 31 3 9 
11 19 12 22 24 36 20 
2 37 40 7 4 13 12 
25 5 19 38 37 20 32 
28 1 31 12 23 3 32 
4 6 38 32 29 27 35 
1 18 11 40 12 27 34 
38 31 4 0 18 33 22 
10 27 30 35 3 11 22 
22 18 15 11 4 14 13 
35 21 16 13 22 20 25 
6 14 27 7 2 39 5 
29 33 17 26 3 28 35 
18 4 19 21 25 26 3 
22 36 26 18 1 35 5 
6 2 25 8 7 40 3 
20 17 21 29 25 32 35 
19 39 25 13 30 12 38 
5 31 15 22 39 3 1 
4 29 36 5 20 14 25 
29 19 10 11 22 32 6 
10 21 32 18 6 36 37 
5 23 28 3 25 4 0 
1 22 16 33 31 39 35 
14 3 0 27 33 25 34 
11 5 26 10 22 15 27 
16 21 18 38 14 6 2 
29 14 4 10 2 6 7 
32 16 29 1 4 13 21 
40 28 22 30 16 39 25 
35 7 32 22 39 25 8 
32 33 37 24 27 20 28 
38 22 40 33 31 2 29 
20 2 40 0 26 24 21 
35 26 22 18 4 12 5 
4 19 20 5 7 0 23 
4 33 28 30 36 38 18 
9 31 21 33 22 35 11 
21 23 1 15 2 22 37 
25 2 7 1 11 6 22 
40 24 14 4 22 16 11 
36 15 38 5 37 35 0 
3 17 34 26 5 0 11 
16 11 27 1 34 2 37 
29 7 10 20 5 2 17 
40 19 39 12 13 26 23 
31 30 14 3 33 36 40 
38 25 24 33 10 39 14 
40 36 10 24 32 17 4 
23 5 35 8 30 4 33 
31 20 34 9 27 32 39 
33 12 3 25 34 40 39 
23 17 7 16 32 4 39 
39 21 37 28 4 17 11 
37 35 30 6 31 22 12 
14 29 5 25 8 28 11 
22 8 5 19 24 10 18 
10 21 14 24 20 17 29 
7 13 1 38 25 11 19 
16 7 39 12 11 21 19 
28 24 5 33 16 10 20 
20 27 3 32 0 14 25 
33 19 16 24 31 32 18 
5 12 19 27 6 34 4 
10 33 8 21 39 20 4 
1 3 26 19 27 22 35 
9 0 31 10 37 2 14 
18 3 39 10 37 9 7 
8 22 20 4 11 35 17 
34 9 4 24 23 21 19 
33 36 35 5 11 19 3 
3 25 4 37 22 27 15 
34 16 18 30 0 33 9 
36 24 39 5 12 19 27 
23 2 16 38 29 19 37 
7 2 10 17 37 30 32 
27 14 16 26 39 32 18 
10 0 36 37 38 33 9 
27 17 29 0 14 16 10 
34 33 10 22 30 11 12 
31 5 6 16 0 32 39 
1 15 9 5 3 10 30 
6 33 8 16 37 10 38 
38 19 29 23 22 11 5 
1 30 0 11 7 38 22 
20 28 27 39 2 38 13 
2 30 26 13 21 10 4 
15 9 30 28 18 20 31 
21 3 20 33 25 40 22 
5 26 28 18 1 27 13 
7 3 17 4 22 14 28 
29 2 0 14 39 11 25 
31 40 7 33 0 28 19 
33 40 15 7 23 11 30 
2 16 39 9 28 7 20 
14 32 19 22 36 10 35 
0 6 7 35 8 13 18 
21 38 17 24 19 5 40 
35 22 8 13 1 34 39 
25 6 17 20 36 12 40 
33 16 10 9 2 36 23 
5 24 25 33 13 1 38 
14 0 25 19 1 2 36 
32 11 40 25 0 17 20 
35 22 5 13 7 11 38 
16 21 26 27 10 34 38 
3 37 29 8 19 20 26 
33 16 17 22 36 0 8 
40 15 1 19 5 22 0 
21 0 16 27 15 32 39 
40 29 3 14 28 12 10 
16 13 35 32 9 39 38 
9 31 27 34 29 7 18 
11 10 40 31 17 12 6 
24 25 6 39 29 40 36 
6 32 23 28 1 21 0 
20 16 2 1 6 0 39 
11 31 3 16 10 26 6 
24 12 32 8 0 14 22 
22 31 36 17 21 19 35 
17 11 23 7 5 8 26 
1 3 20 11 40 26 12 
32 24 7 20 23 5 36 
6 2 31 24 26 8 40 
32 34 2 0 33 29 22 
20 0 9 31 2 35 8 
34 8 25 6 32 16 11 
18 7 0 5 30 26 21 
10 40 9 12 32 0 3 
22 25 39 29 36 28 40 
2 36 29 40 14 6 16 
4 32 39 12 20 2 27 
19 32 6 4 15 37 3 
24 5 3 39 12 4 27 
31 9 16 35 36 7 40 
16 23 15 39 36 26 6 
8 35 15 28 32 33 2 
18 8 4 38 5 1 16 
22 34 13 24 37 7 16 
5 9 6 31 32 28 33 
23 1 11 12 5 15 37 
17 40 21 12 20 26 11 
31 9 40 21 38 2 30 
31 4 33 0 17 25 8 
29 11 25 36 23 14 21 
13 25 33 7 31 26 23 
11 39 7 31 36 20 15 
7 13 20 12 35 39 15 
12 13 15 25 11 9 0 
3 26 9 24 16 17 13 
38 19 40 26 10 33 31 
14 33 0 13 5 6 35 
9 32 14 30 27 29 16 
6 34 35 4 24 1 31 
40 3 39 29 27 26 12 
18 16 3 27 38 15 17 
24 27 23 26 10 34 30 
0 4 26 29 5 34 20 
4 31 38 14 30 10 3 
7 30 34 39 9 15 19 
15 37 8 23 11 30 35 
32 28 8 26 39 38 1 
36 35 29 8 18 3 16 
28 36 25 32 16 11 15 
29 4 21 23 6 35 18 
8 29 37 2 34 33 24 
36 10 35 28 29 19 11 
37 3 25 40 24 2 17 
35 12 4 36 27 15 40 
24 25 9 1 35 18 7 
23 18 0 15 33 38 31 
28 23 26 2 10 39 25 
24 37 0 35 25 19 27 
32 11 4 35 1 3 9 
14 34 40 17 19 32 18 
36 28 38 0 40 30 13 
8 18 32 11 9 25 1 
4 22 14 29 10 34 25 
10 19 26 9 13 35 38 
7 35 33 31 38 10 13 
13 10 7 27 24 38 3 
12 17 33 21 3 40 23 
24 27 25 13 2 17 23 
7 39 6 36 14 26 27 
37 6 1 2 22 39 7 
35 27 28 15 19 8 0 
36 4 22 15 10 38 9 
22 6 35 28 5 4 16 
39 4 15 9 0 19 7 
12 9 31 26 36 7 14 
17 26 38 34 11 13 12 
23 35 34 29 40 27 32 
39 8 19 24 0 40 1 
10 15 29 14 28 0 5 
5 18 14 32 40 35 7 
16 18 39 14 4 10 34 
39 30 0 31 13 9 20 
39 38 24 33 19 3 10 
23 24 20 39 9 8 2 
0 32 18 36 14 6 13 
4 5 25 15 39 33 37 
35 12 3 29 25 37 24 
15 24 3 16 7 2 37 
32 20 4 14 37 15 25 
26 31 39 37 8 18 17 
3 19 8 37 17 12 20 
1 33 39 30 4 0 3 
35 1 26 37 40 13 7 
25 33 5 12 29 32 8 
28 39 30 23 9 20 18 
39 27 17 4 29 1 34 
21 18 4 1 35 29 40 
3 33 31 19 22 24 29 
25 8 13 24 40 9 32 
9 13 22 29 24 30 32 
0 5 37 38 6 2 10 
4 10 38 23 36 27 37 
28 9 13 0 29 17 39 
0 30 9 2 12 14 5 
0 37 5 36 21 16 27 
16 10 40 8 28 17 14 
37 36 30 6 2 38 17 
2 4 30 10 16 14 37 
11 27 0 28 1 26 25 
17 8 31 30 25 11 10 
22 13 20 23 8 15 38 
35 17 12 25 2 38 3 
23 1 15 13 3 37 14 
22 3 23 36 8 19 29 
3 11 10 39 36 24 15 
37 21 33 39 19 35 29 
20 16 17 35 6 38 28 
8 25 38 28 34 12 22 
24 25 16 29 0 31 30 
8 22 15 30 29 27 11 
22 29 27 19 5 24 10 
11 13 27 15 39 31 36 
38 19 20 4 10 36 9 
8 25 5 32 3 33 4 
17 31 24 16 26 36 1 
22 38 7 0 26 6 27 
33 30 32 37 24 38 22 
34 19 16 39 40 28 38 
30 16 5 25 39 1 15 
37 27 1 16 20 22 17 
40 12 14 6 30 0 31 
11 7 33 36 1 5 24 
33 28 15 38 2 23 26 
9 13 38 21 32 29 36 
2 32 40 8 29 27 3 
29 35 17 14 31 23 3 
2 37 6 25 29 3 39 
8 13 11 37 24 31 32 
25 28 0 38 31 22 35 
20 38 37 30 4 24 23 
29 40 3 31 18 12 1 
8 24 23 22 13 3 26 
14 8 26 2 32 37 35 
23 33 6 39 3 29 24 
39 9 29 17 4 28 24 
37 21 12 5 36 35 25 
31 14 8 39 32 12 20 
40 20 32 3 27 12 4 
35 27 9 10 30 12 11 
10 1 39 20 40 24 4 
18 15 12 21 25 28 7 
15 36 10 27 25 22 20 
24 20 0 7 22 14 8 
27 24 15 0 17 28 9 
5 22 10 11 14 23 38 
10 36 32 24 21 9 38 
32 8 29 5 4 20 17 
29 27 17 30 40 8 33 
11 25 7 17 40 36 1 
36 34 16 3 10 7 4 
32 34 39 12 25 24 9 
2 36 6 38 11 14 19 
37 2 27 31 7 30 15 
38 23 2 24 39 28 18 
8 0 19 15 26 23 34 
10 5 19 24 17 15 36 
11 5 24 16 23 3 33 
4 28 20 0 29 21 32 
11 3 15 23 28 38 2 
20 19 36 37 8 9 26 
35 13 2 32 26 1 28 
16 4 7 12 13 31 27 
10 6 27 15 5 24 32 
25 14 22 37 20 9 8 
22 3 35 14 0 27 19 
32 22 0 33 27 9 37 
32 2 0 30 11 18 16 
33 22 30 36 37 29 7 
6 4 26 35 12 33 3 
37 1 24 39 17 14 21 
19 8 25 4 34 21 27 
9 2 6 38 8 30 14 
29 14 23 17 11 25 4 
36 13 24 37 14 4 15 
40 23 6 9 30 15 16 
23 21 27 5 9 19 35 
14 9 5 35 32 30 10 
8 19 7 13 21 37 29 
35 21 13 11 34 26 17 
13 23 15 25 22 17 5 
19 3 12 24 35 8 9 
11 12 21 6 33 29 16 
3 38 40 18 10 36 16 
14 26 36 12 32 25 23 
6 39 40 15 26 20 2 
37 24 25 20 6 13 38 
20 18 31 4 26 16 37 
14 33 34 8 19 4 23 
5 20 32 0 30 4 6 
8 15 17 22 39 33 2 
32 24 23 25 15 2 0 
33 38 27 3 22 9 13 
39 10 21 35 3 40 20 
5 17 25 32 27 3 33 
29 21 11 2 3 35 25 
1 24 19 25 29 22 27 
0 29 18 2 27 19 9 
9 26 8 27 4 24 30 
22 7 20 6 19 40 13 
11 24 36 6 20 19 37 
26 39 16 11 35 7 37 
28 12 6 31 8 13 40 
0 25 9 37 17 38 40 
4 2 35 23 14 10 36 
24 4 36 22 19 14 35 
30 9 8 28 1 27 37 
6 11 13 24 21 26 8 
15 39 16 24 5 23 38 
9 35 1 5 36 34 15 
19 4 11 40 16 13 6 
9 29 6 1 11 33 22 
20 17 30 34 35 38 5 
38 22 5 33 8 29 19 
15 18 1 35 29 10 36 
40 20 19 28 11 12 10 
37 8 12 19 36 34 24 
17 13 32 1 21 34 4 
11 40 25 28 27 35 17 
36 28 7 6 14 37 26 
0 22 31 2 6 37 33 
24 21 23 4 29 7 18 
9 40 18 29 31 4 32 
36 29 7 18 15 26 22 
26 1 9 14 20 38 13 
15 14 16 3 38 32 2 
21 39 32 9 3 1 2 
6 19 5 10 0 27 40 
18 17 40 21 4 2 28 
9 18 40 39 3 16 6 
24 28 32 2 6 22 4 
35 4 33 38 16 6 31 
14 33 7 10 36 27 13 
29 5 21 2 26 19 15 
7 37 20 2 5 16 17 
5 33 23 8 16 30 21 
33 6 31 16 10 24 28 
2 3 12 34 29 26 39 
15 25 12 23 13 34 37 
10 23 1 32 3 16 34 
9 30 2 20 5 23 21 
20 37 36 8 25 2 30 
32 40 22 31 21 15 13 
36 7 32 17 1 9 18 
17 18 19 30 11 14 32 
24 18 7 15 36 2 4 
29 5 33 25 40 7 12 
37 19 40 29 12 14 35 
30 15 7 29 38 32 23 
12 14 27 5 1 37 7 
26 20 28 23 19 21 39 
23 15 14 40 34 19 7 
26 30 38 2 4 34 27 
20 32 27 17 29 6 40 
36 5 17 24 33 26 28 
1 34 9 28 23 33 18 
7 17 32 37 19 10 21 
12 20 29 1 8 25 0 
3 38 34 27 28 39 31 
10 17 5 4 38 36 25 
10 1 20 16 21 12 11 
26 33 36 23 15 28 40 
5 9 34 40 16 22 36 
38 9 2 30 8 33 24 
25 31 17 30 22 2 29 
36 11 18 19 37 33 6 
12 10 22 33 30 13 26 
28 12 34 23 37 19 32 
26 10 24 39 0 31 25 
14 7 23 10 39 16 30 
10 13 36 30 4 3 19 
39 17 32 40 20 6 37 
4 12 34 2 27 31 7 
29 0 9 1 31 12 17 
20 40 12 19 29 38 16 
12 2 10 20 25 28 4 
3 11 36 34 35 16 10 
33 20 10 38 28 7 18 
7 35 38 36 20 14 17 
8 19 1 14 40 28 29 
20 0 32 23 7 25 9 
32 37 23 27 34 22 31 
20 14 28 37 35 16 40 
31 6 27 7 1 25 0 
1 39 14 18 13 27 10 
9 37 17 35 14 2 26 
12 33 38 27 24 14 39 
9 10 4 15 26 16 0 
18 26 23 12 35 13 27 
37 15 9 29 26 13 1 
31 38 11 37 14 23 12 
4 40 3 39 1 38 5 
33 35 12 3 29 15 1 
20 6 16 18 36 31 1 
7 17 32 26 29 13 40 
1 9 0 8 35 27 24 
32 38 0 28 31 3 37 
26 35 28 39 10 40 36 
29 38 31 3 1 10 20 
26 2 34 17 3 18 36 
13 29 1 30 36 14 5 
5 2 14 16 1 33 25 
36 22 23 7 3 31 30 
17 9 18 3 14 4 13 
17 39 13 21 34 40 3 
22 24 40 34 21 17 25 
13 38 26 7 39 20 17 
29 9 11 0 31 35 34 
39 13 26 9 14 30 36 
1 24 23 9 21 34 29 
4 36 19 5 32 23 39 
18 7 31 10 19 40 23 
38 31 10 11 2 3 32 
23 17 22 19 10 21 39 
14 16 4 22 18 3 38 
0 18 15 3 12 37 36 
27 15 5 23 12 28 11 
16 1 28 35 25 5 39 
19 33 14 29 1 18 16 
31 35 9 5 19 7 21 
38 3 2 7 4 8 17 
26 40 21 18 17 2 15 
8 13 35 25 29 2 16 
37 18 9 17 29 0 14 
14 20 7 39 13 23 27 
10 15 31 3 17 19 2 
16 28 34 9 27 29 21 
4 14 38 28 20 27 39 
15 28 4 23 17 34 30 
13 7 4 37 2 27 9 
23 3 19 0 34 18 25 
5 27 10 22 24 28 33 
32 36 0 26 37 2 13 
29 5 6 19 18 38 25 
31 37 8 35 12 32 10 
30 6 29 12 17 35 34 
21 13 39 31 7 10 19 
38 3 7 23 15 12 18 
22 6 23 18 5 9 28 
30 22 19 40 14 6 23 
30 22 34 13 33 10 21 
36 20 0 2 7 14 23 
22 16 5 0 34 38 15 
14 34 4 0 9 6 32 
10 20 25 23 0 1 2 
11 20 4 29 19 35 30 
30 7 28 23 2 39 5 
10 15 4 24 29 17 25 
2 26 37 11 14 22 20 
38 22 0 11 37 17 36 
36 19 2 34 23 14 3 
12 6 16 38 1 2 34 
31 23 40 29 33 11 7 
16 40 15 30 12 4 7 
1 34 11 6 0 7 31 
7 37 40 17 33 25 29 
12 36 27 3 1 14 22 
37 13 23 29 34 38 20 
39 30 38 9 8 20 29 
16 40 23 15 38 11 33 
0 18 12 31 30 32 4 
29 17 22 9 25 39 15 
25 39 21 1 20 27 2 
25 6 27 17 13 26 0 
19 28 14 29 32 34 7 
33 10 9 19 30 38 7 
13 22 33 4 36 2 26 
8 19 29 24 3 23 36 
29 27 6 31 26 8 37 
12 20 32 28 37 23 24 
27 28 16 9 0 2 25 
7 0 29 25 19 1 35 
30 29 24 15 40 32 11 
13 27 31 5 25 38 21 
